Tipo de problema: regressao

RandomForest: 0.8225967553705665
ExtraTrees: 0.8463500817887564
GradientBoosting: 0.8685068843472978
LinearRegression: -28.687040647114646
Ridge: 0.8489728092109221
Lasso: -0.06872894033471524
SVR: -7.98744994600722
KNN: 0.6443012623202191
DecisionTree: 0.6247546253289891

Melhor modelo: GradientBoosting
Score: 0.8685068843472978
