Tipo de problema: regressao

GradientBoosting: 0.8552635220605307
RandomForest: 0.8370832500731498
ExtraTrees: 0.8198514794852146
Lasso: 0.7459512222414171
Ridge: 0.7459395411307879
LinearRegression: 0.7459305254811328
DecisionTree: 0.696686553916839
KNN: 0.6826080781286608
SVR: -0.10255883513733174

Melhor modelo: GradientBoosting
Score: 0.8552635220605307
