Tipo de problema: regressao

GradientBoosting: 0.8551755211540619
RandomForest: 0.8369853745344283
ExtraTrees: 0.82024434694784
Lasso: 0.7459512222414171
Ridge: 0.7459395411307879
LinearRegression: 0.7459305254811328
KNN: 0.6826080781286608
DecisionTree: 0.6766792788738222
SVR: -0.10255883513733174

Melhor modelo: GradientBoosting
Score: 0.8551755211540619
