Tipo de problema: regressao

GradientBoosting: 0.8556809339555294
RandomForest: 0.835943082616413
ExtraTrees: 0.8210338543068152
Lasso: 0.7459512222414171
Ridge: 0.7459395411307879
LinearRegression: 0.7459305254811328
KNN: 0.6826080781286608
DecisionTree: 0.6816819507576335
SVR: -0.10255883513733174

Melhor modelo: GradientBoosting
Score: 0.8556809339555294
