Tipo de problema: regressao

GradientBoosting: 0.8548860774590772
RandomForest: 0.8350639909059143
ExtraTrees: 0.821239435569154
Lasso: 0.7459512222414171
Ridge: 0.7459395411307879
LinearRegression: 0.7459305254811328
KNN: 0.6826080781286608
DecisionTree: 0.6797426647318504
SVR: -0.10255883513733174

Melhor modelo: GradientBoosting
Score: 0.8548860774590772
