Tipo de problema: regressao

GradientBoosting: 0.855517781034524
RandomForest: 0.8366339936496537
ExtraTrees: 0.8215009709587029
Lasso: 0.7459512222414171
Ridge: 0.7459395411307879
LinearRegression: 0.7459305254811328
DecisionTree: 0.6865546193133774
KNN: 0.6826080781286608
SVR: -0.10255883513733174

Melhor modelo: GradientBoosting
Score: 0.855517781034524
