Tipo de problema: regressao

GradientBoosting: 0.8556337990750625
RandomForest: 0.8352737589755662
ExtraTrees: 0.8188399144618715
Lasso: 0.7459512222414171
Ridge: 0.7459395411307879
LinearRegression: 0.7459305254811328
KNN: 0.6826080781286608
DecisionTree: 0.678059416245282
SVR: -0.10255883513733174

Melhor modelo: GradientBoosting
Score: 0.8556337990750625
