Tipo de problema: regressao

GradientBoosting: 0.8548060269128532
RandomForest: 0.8367198562714904
ExtraTrees: 0.822530138235168
Lasso: 0.7459512222414171
Ridge: 0.7459395411307879
LinearRegression: 0.7459305254811328
DecisionTree: 0.6984474935300508
KNN: 0.6826080781286608
SVR: -0.10255883513733174

Melhor modelo: GradientBoosting
Score: 0.8548060269128532
