Tipo de problema: regressao

GradientBoosting: 0.8551269703955328
RandomForest: 0.8354556916378174
ExtraTrees: 0.8212244916260332
Lasso: 0.7459512222414171
Ridge: 0.7459395411307879
LinearRegression: 0.7459305254811328
KNN: 0.6826080781286608
DecisionTree: 0.6762876889621581
SVR: -0.10255883513733174

Melhor modelo: GradientBoosting
Score: 0.8551269703955328
