Tipo de problema: regressao

GradientBoosting: 0.8554717134512408
RandomForest: 0.8361320187597746
ExtraTrees: 0.8221210874300917
Lasso: 0.7459512222414171
Ridge: 0.7459395411307879
LinearRegression: 0.7459305254811328
KNN: 0.6826080781286608
DecisionTree: 0.6765396058391611
SVR: -0.10255883513733174

Melhor modelo: GradientBoosting
Score: 0.8554717134512408
