Tipo de problema: regressao

RandomForest: 0.8165681157840646
ExtraTrees: 0.8460016673271393
GradientBoosting: 0.8724618815574201
LinearRegression: -28.687040647114646
Ridge: 0.8489728092109221
Lasso: -0.06872894033471524
SVR: -7.98744994600722
KNN: 0.6443012623202191
DecisionTree: 0.6260122207605615

Melhor modelo: GradientBoosting
Score: 0.8724618815574201
