Tipo de problema: regressao

GradientBoosting: 0.8554065427429866
RandomForest: 0.8358487549587453
ExtraTrees: 0.819637893081277
Lasso: 0.7459512222414171
Ridge: 0.7459395411307879
LinearRegression: 0.7459305254811328
KNN: 0.6826080781286608
DecisionTree: 0.6821834452558962
SVR: -0.10255883513733174

Melhor modelo: GradientBoosting
Score: 0.8554065427429866
