Tipo de problema: regressao

GradientBoosting: 0.8551165615551983
RandomForest: 0.8363680086714576
ExtraTrees: 0.8213836513123027
Lasso: 0.7459512222414171
Ridge: 0.7459395411307879
LinearRegression: 0.7459305254811328
DecisionTree: 0.6974636914775958
KNN: 0.6826080781286608
SVR: -0.10255883513733174

Melhor modelo: GradientBoosting
Score: 0.8551165615551983
