Tipo de problema: regressao

GradientBoosting: 0.8552141663696959
RandomForest: 0.8363223966850818
ExtraTrees: 0.8218120986141051
Lasso: 0.7459512222414171
Ridge: 0.7459395411307879
LinearRegression: 0.7459305254811328
DecisionTree: 0.6845197103031949
KNN: 0.6826080781286608
SVR: -0.10255883513733174

Melhor modelo: GradientBoosting
Score: 0.8552141663696959
