Tipo de problema: regressao

GradientBoosting: 0.8554910716233277
RandomForest: 0.8363256099635462
ExtraTrees: 0.8222678312209668
Lasso: 0.7459512222414171
Ridge: 0.7459395411307879
LinearRegression: 0.7459305254811328
DecisionTree: 0.6835488092630422
KNN: 0.6826080781286608
SVR: -0.10255883513733174

Melhor modelo: GradientBoosting
Score: 0.8554910716233277
