Tipo de problema: regressao

RandomForest: 0.8233892439533619
ExtraTrees: 0.838208472074462
GradientBoosting: 0.869503633106523
LinearRegression: -28.687040647114646
Ridge: 0.8489728092109221
Lasso: -0.06872894033471524
SVR: -7.98744994600722
KNN: 0.6194078688046348
DecisionTree: 0.5978818390160457

Melhor modelo: GradientBoosting
Score: 0.869503633106523
