Tipo de problema: regressao

GradientBoosting: 0.8546685342071919
RandomForest: 0.8344262442823387
ExtraTrees: 0.8216654067154563
Lasso: 0.7459512222414171
Ridge: 0.7459395411307879
LinearRegression: 0.7459305254811328
DecisionTree: 0.682923903972247
KNN: 0.6826080781286608
SVR: -0.10255883513733174

Melhor modelo: GradientBoosting
Score: 0.8546685342071919
