Tipo de problema: regressao

GradientBoosting: 0.8555862604817766
RandomForest: 0.8366019239567253
ExtraTrees: 0.8222821251690196
Lasso: 0.7459512222414171
Ridge: 0.7459395411307879
LinearRegression: 0.7459305254811328
DecisionTree: 0.6832024675284746
KNN: 0.6826080781286608
SVR: -0.10255883513733174

Melhor modelo: GradientBoosting
Score: 0.8555862604817766
