Tipo de problema: regressao

GradientBoosting: 0.8552532829941418
RandomForest: 0.8355039443743981
ExtraTrees: 0.81936019428762
Lasso: 0.7459512222414171
Ridge: 0.7459395411307879
LinearRegression: 0.7459305254811328
KNN: 0.6826080781286608
DecisionTree: 0.6782485630168432
SVR: -0.10255883513733174

Melhor modelo: GradientBoosting
Score: 0.8552532829941418
