Tipo de problema: regressao

RandomForest: 0.8245274691916242
ExtraTrees: 0.8473193381128837
GradientBoosting: 0.8694797016377069
LinearRegression: -28.687040647114646
Ridge: 0.8489728092109221
Lasso: -0.06872894033471524
SVR: -7.98744994600722
KNN: 0.6443012623202191
DecisionTree: 0.6104166692523588

Melhor modelo: GradientBoosting
Score: 0.8694797016377069
