Tipo de problema: regressao

GradientBoosting: 0.8549068767427791
RandomForest: 0.836068466950891
ExtraTrees: 0.8211962247233762
Lasso: 0.7459512222414171
Ridge: 0.7459395411307879
LinearRegression: 0.7459305254811328
DecisionTree: 0.6905122925281227
KNN: 0.6826080781286608
SVR: -0.10255883513733174

Melhor modelo: GradientBoosting
Score: 0.8549068767427791
