Tipo de problema: regressao

GradientBoosting: 0.8556740904497178
RandomForest: 0.8352268823177361
ExtraTrees: 0.8213693857602979
Lasso: 0.7459512222414171
Ridge: 0.7459395411307879
LinearRegression: 0.7459305254811328
DecisionTree: 0.6828250657509383
KNN: 0.6826080781286608
SVR: -0.10255883513733174

Melhor modelo: GradientBoosting
Score: 0.8556740904497178
