Tipo de problema: regressao

GradientBoosting: 0.8556941499563102
RandomForest: 0.8351658523797827
ExtraTrees: 0.8215287612849694
Lasso: 0.7459512222414171
Ridge: 0.7459395411307879
LinearRegression: 0.7459305254811328
KNN: 0.6826080781286608
DecisionTree: 0.6821545190424156
SVR: -0.10255883513733174

Melhor modelo: GradientBoosting
Score: 0.8556941499563102
