Tipo de problema: regressao

GradientBoosting: 0.8552925587828556
RandomForest: 0.8364433213594176
ExtraTrees: 0.8218508658855599
Lasso: 0.7459512222414171
Ridge: 0.7459395411307879
LinearRegression: 0.7459305254811328
DecisionTree: 0.6870623133487501
KNN: 0.6826080781286608
SVR: -0.10255883513733174

Melhor modelo: GradientBoosting
Score: 0.8552925587828556
