Tipo de problema: regressao

GradientBoosting: 0.8551343529083744
RandomForest: 0.8371268115389026
ExtraTrees: 0.8212482489951889
Lasso: 0.7459512222414171
Ridge: 0.7459395411307879
LinearRegression: 0.7459305254811328
KNN: 0.6826080781286608
DecisionTree: 0.6814925779004237
SVR: -0.10255883513733174

Melhor modelo: GradientBoosting
Score: 0.8551343529083744
