Tipo de problema: regressao

GradientBoosting: 0.8551796701023301
RandomForest: 0.8355421033830825
ExtraTrees: 0.8206656166038531
Lasso: 0.7459512222414171
Ridge: 0.7459395411307879
LinearRegression: 0.7459305254811328
DecisionTree: 0.6892941565880001
KNN: 0.6826080781286608
SVR: -0.10255883513733174

Melhor modelo: GradientBoosting
Score: 0.8551796701023301
