Tipo de problema: regressao

GradientBoosting: 0.8548607900749582
RandomForest: 0.8355852188446745
ExtraTrees: 0.8180450984125999
Lasso: 0.7459512222414171
Ridge: 0.7459395411307879
LinearRegression: 0.7459305254811328
DecisionTree: 0.684261755837792
KNN: 0.6826080781286608
SVR: -0.10255883513733174

Melhor modelo: GradientBoosting
Score: 0.8548607900749582
