Tipo de problema: regressao

GradientBoosting: 0.8553321115576933
RandomForest: 0.8351913034332537
ExtraTrees: 0.8204404827593983
Lasso: 0.7459512222414171
Ridge: 0.7459395411307879
LinearRegression: 0.7459305254811328
DecisionTree: 0.6846154987200191
KNN: 0.6826080781286608
SVR: -0.10255883513733174

Melhor modelo: GradientBoosting
Score: 0.8553321115576933
