Tipo de problema: regressao

GradientBoosting: 0.855370554436109
RandomForest: 0.8360287350605187
ExtraTrees: 0.8217468411670069
Lasso: 0.7459512222414171
Ridge: 0.7459395411307879
LinearRegression: 0.7459305254811328
KNN: 0.6826080781286608
DecisionTree: 0.6799737872368292
SVR: -0.10255883513733174

Melhor modelo: GradientBoosting
Score: 0.855370554436109
