Tipo de problema: regressao

RandomForest: 0.8216639388264518
ExtraTrees: 0.8423523398477022
GradientBoosting: 0.8670049795321226
LinearRegression: -28.687040647114646
Ridge: 0.8489728092109221
Lasso: -0.06872894033471524
SVR: -7.98744994600722
KNN: 0.6194078688046348
DecisionTree: 0.6390572606424465

Melhor modelo: GradientBoosting
Score: 0.8670049795321226
