Tipo de problema: regressao

GradientBoosting: 0.8554627150469146
RandomForest: 0.8349497169888082
ExtraTrees: 0.8199015642882582
Lasso: 0.7459512222414171
Ridge: 0.7459395411307879
LinearRegression: 0.7459305254811328
DecisionTree: 0.6969469036839298
KNN: 0.6826080781286608
SVR: -0.10255883513733174

Melhor modelo: GradientBoosting
Score: 0.8554627150469146
