Tipo de problema: regressao

GradientBoosting: 0.8556104874682348
RandomForest: 0.8355596520124109
ExtraTrees: 0.8229674102323796
Lasso: 0.7459512222414171
Ridge: 0.7459395411307879
LinearRegression: 0.7459305254811328
DecisionTree: 0.6871380603345258
KNN: 0.6826080781286608
SVR: -0.10255883513733174

Melhor modelo: GradientBoosting
Score: 0.8556104874682348
