Tipo de problema: regressao

GradientBoosting: 0.8554254935730521
RandomForest: 0.8351455890495803
ExtraTrees: 0.8203291219378552
Lasso: 0.7459512222414171
Ridge: 0.7459395411307879
LinearRegression: 0.7459305254811328
DecisionTree: 0.7030948354929396
KNN: 0.6826080781286608
SVR: -0.10255883513733174

Melhor modelo: GradientBoosting
Score: 0.8554254935730521
