Tipo de problema: regressao

GradientBoosting: 0.8551508041043518
RandomForest: 0.8353043000524363
ExtraTrees: 0.8200294579207466
Lasso: 0.7459512222414171
Ridge: 0.7459395411307879
LinearRegression: 0.7459305254811328
KNN: 0.6826080781286608
DecisionTree: 0.6737858917217634
SVR: -0.10255883513733174

Melhor modelo: GradientBoosting
Score: 0.8551508041043518
