Tipo de problema: regressao

RandomForest: 0.8202684685625782
ExtraTrees: 0.8407885273965942
GradientBoosting: 0.8670707763722353
LinearRegression: -28.687040647114646
Ridge: 0.8489728092109221
Lasso: -0.06872894033471524
SVR: -7.98744994600722
KNN: 0.6443012623202191
DecisionTree: 0.6219611220265511

Melhor modelo: GradientBoosting
Score: 0.8670707763722353
