Tipo de problema: regressao

GradientBoosting: 0.8549890918747621
RandomForest: 0.8353788589601651
ExtraTrees: 0.8196513540011091
Lasso: 0.7459512222414171
Ridge: 0.7459395411307879
LinearRegression: 0.7459305254811328
DecisionTree: 0.6895499652921799
KNN: 0.6826080781286608
SVR: -0.10255883513733174

Melhor modelo: GradientBoosting
Score: 0.8549890918747621
