Tipo de problema: regressao

GradientBoosting: 0.8555920844832361
RandomForest: 0.8339406320501153
ExtraTrees: 0.8231757824180491
Lasso: 0.7459512222414171
Ridge: 0.7459395411307879
LinearRegression: 0.7459305254811328
DecisionTree: 0.6884645570754022
KNN: 0.6826080781286608
SVR: -0.10255883513733174

Melhor modelo: GradientBoosting
Score: 0.8555920844832361
