Tipo de problema: regressao

GradientBoosting: 0.8552390541692505
RandomForest: 0.8357881585341664
ExtraTrees: 0.8176112977595678
Lasso: 0.7459512222414171
Ridge: 0.7459395411307879
LinearRegression: 0.7459305254811328
DecisionTree: 0.6848161135492947
KNN: 0.6826080781286608
SVR: -0.10255883513733174

Melhor modelo: GradientBoosting
Score: 0.8552390541692505
