Tipo de problema: regressao

GradientBoosting: 0.8552588320384599
RandomForest: 0.8348138178197502
ExtraTrees: 0.8182466298901095
Lasso: 0.7459512222414171
Ridge: 0.7459395411307879
LinearRegression: 0.7459305254811328
DecisionTree: 0.6978506606679675
KNN: 0.6826080781286608
SVR: -0.10255883513733174

Melhor modelo: GradientBoosting
Score: 0.8552588320384599
