Tipo de problema: regressao

GradientBoosting: 0.8550583120192489
RandomForest: 0.8374572995059552
ExtraTrees: 0.8221436537033503
Lasso: 0.7459512222414171
Ridge: 0.7459395411307879
LinearRegression: 0.7459305254811328
KNN: 0.6826080781286608
DecisionTree: 0.6812477551883428
SVR: -0.10255883513733174

Melhor modelo: GradientBoosting
Score: 0.8550583120192489
