Tipo de problema: regressao

GradientBoosting: 0.8547946070578556
RandomForest: 0.8363162480172062
ExtraTrees: 0.8198839341007795
Lasso: 0.7459512222414171
Ridge: 0.7459395411307879
LinearRegression: 0.7459305254811328
DecisionTree: 0.6834137242531785
KNN: 0.6826080781286608
SVR: -0.10255883513733174

Melhor modelo: GradientBoosting
Score: 0.8547946070578556
