Tipo de problema: regressao

GradientBoosting: 0.8550665578373835
RandomForest: 0.8367187707309325
ExtraTrees: 0.821726200812192
Lasso: 0.7459512222414171
Ridge: 0.7459395411307879
LinearRegression: 0.7459305254811328
KNN: 0.6826080781286608
DecisionTree: 0.6796485243192514
SVR: -0.10255883513733174

Melhor modelo: GradientBoosting
Score: 0.8550665578373835
