Tipo de problema: regressao

GradientBoosting: 0.8554401851482492
RandomForest: 0.8367094220554417
ExtraTrees: 0.8226425014117102
Lasso: 0.7459512222414171
Ridge: 0.7459395411307879
LinearRegression: 0.7459305254811328
DecisionTree: 0.6915785991852579
KNN: 0.6826080781286608
SVR: -0.10255883513733174

Melhor modelo: GradientBoosting
Score: 0.8554401851482492
