Tipo de problema: regressao

GradientBoosting: 0.855542634843804
RandomForest: 0.8356547379464876
ExtraTrees: 0.821049669748094
Lasso: 0.7459512222414171
Ridge: 0.7459395411307879
LinearRegression: 0.7459305254811328
DecisionTree: 0.7016039873006031
KNN: 0.6826080781286608
SVR: -0.10255883513733174

Melhor modelo: GradientBoosting
Score: 0.855542634843804
