Tipo de problema: regressao

GradientBoosting: 0.8551603052749656
RandomForest: 0.8362489723465121
ExtraTrees: 0.8215034351792323
Lasso: 0.7459512222414171
Ridge: 0.7459395411307879
LinearRegression: 0.7459305254811328
DecisionTree: 0.6885043453595199
KNN: 0.6826080781286608
SVR: -0.10255883513733174

Melhor modelo: GradientBoosting
Score: 0.8551603052749656
