Tipo de problema: regressao

GradientBoosting: 0.8550630487691956
RandomForest: 0.8362406554166417
ExtraTrees: 0.8203480628069899
Lasso: 0.7459512222414171
Ridge: 0.7459395411307879
LinearRegression: 0.7459305254811328
DecisionTree: 0.6892909784102309
KNN: 0.6826080781286608
SVR: -0.10255883513733174

Melhor modelo: GradientBoosting
Score: 0.8550630487691956
