Tipo de problema: regressao

RandomForest: 0.821907169021225
ExtraTrees: 0.8446878117043954
GradientBoosting: 0.8706582691166391
LinearRegression: -28.687040647114646
Ridge: 0.8489728092109221
Lasso: -0.06872894033471524
SVR: -7.98744994600722
KNN: 0.6443012623202191
DecisionTree: 0.6365787334413044

Melhor modelo: GradientBoosting
Score: 0.8706582691166391
