Tipo de problema: regressao

GradientBoosting: 0.8552980902586504
RandomForest: 0.8360340178291285
ExtraTrees: 0.8188002084221692
Lasso: 0.7459512222414171
Ridge: 0.7459395411307879
LinearRegression: 0.7459305254811328
DecisionTree: 0.6868758957851565
KNN: 0.6826080781286608
SVR: -0.10255883513733174

Melhor modelo: GradientBoosting
Score: 0.8552980902586504
