Tipo de problema: regressao

GradientBoosting: 0.8546855885419333
RandomForest: 0.8358225325124498
ExtraTrees: 0.8207324027127463
Lasso: 0.7459512222414171
Ridge: 0.7459395411307879
LinearRegression: 0.7459305254811328
KNN: 0.6826080781286608
DecisionTree: 0.6757783676636557
SVR: -0.10255883513733174

Melhor modelo: GradientBoosting
Score: 0.8546855885419333
