Tipo de problema: regressao

RandomForest: 0.837433803895237
ExtraTrees: 0.8212712854574565
GradientBoosting: 0.8551155837317769
LinearRegression: 0.7459305254811328
Ridge: 0.7459395411307879
Lasso: 0.7459512222414171
SVR: -0.10255883513733174
KNN: 0.6826080781286608
DecisionTree: 0.6926550722756248

Melhor modelo: GradientBoosting
Score: 0.8551155837317769
