Tipo de problema: regressao

GradientBoosting: 0.8560413931130715
RandomForest: 0.8341140223305807
ExtraTrees: 0.8197937135969697
Lasso: 0.7459512222414171
Ridge: 0.7459395411307879
LinearRegression: 0.7459305254811328
DecisionTree: 0.6920877862568015
KNN: 0.6826080781286608
SVR: -0.10255883513733174

Melhor modelo: GradientBoosting
Score: 0.8560413931130715
