Tipo de problema: regressao

GradientBoosting: 0.8555049453842466
RandomForest: 0.83793490550337
ExtraTrees: 0.8193192579379975
Lasso: 0.7459512222414171
Ridge: 0.7459395411307879
LinearRegression: 0.7459305254811328
KNN: 0.6826080781286608
DecisionTree: 0.6675793779648379
SVR: -0.10255883513733174

Melhor modelo: GradientBoosting
Score: 0.8555049453842466
