Tipo de problema: regressao

GradientBoosting: 0.8547657060212137
RandomForest: 0.8372478281246556
ExtraTrees: 0.8207503118608592
Lasso: 0.7459512222414171
Ridge: 0.7459395411307879
LinearRegression: 0.7459305254811328
DecisionTree: 0.6876713634496899
KNN: 0.6826080781286608
SVR: -0.10255883513733174

Melhor modelo: GradientBoosting
Score: 0.8547657060212137
