Tipo de problema: regressao

GradientBoosting: 0.8687729521616754
Ridge: 0.8489728092109221
ExtraTrees: 0.8484956398667641
RandomForest: 0.8195893064437942
KNN: 0.6194078688046348
DecisionTree: 0.6010831429383481
Lasso: -0.06872894033471524
SVR: -7.98744994600722
LinearRegression: -28.687040647114646

Melhor modelo: GradientBoosting
Score: 0.8687729521616754
