Tipo de problema: regressao

GradientBoosting: 0.854752767620008
RandomForest: 0.8380583677841722
ExtraTrees: 0.8201975851659944
Lasso: 0.7459512222414171
Ridge: 0.7459395411307879
LinearRegression: 0.7459305254811328
DecisionTree: 0.6885561152143913
KNN: 0.6826080781286608
SVR: -0.10255883513733174

Melhor modelo: GradientBoosting
Score: 0.854752767620008
