Tipo de problema: regressao

GradientBoosting: 0.8553366113992025
RandomForest: 0.8370857860312697
ExtraTrees: 0.8214262525875136
Lasso: 0.7459512222414171
Ridge: 0.7459395411307879
LinearRegression: 0.7459305254811328
DecisionTree: 0.6896010491224724
KNN: 0.6826080781286608
SVR: -0.10255883513733174

Melhor modelo: GradientBoosting
Score: 0.8553366113992025
