Tipo de problema: regressao

GradientBoosting: 0.855324135676128
RandomForest: 0.8356474627889894
ExtraTrees: 0.8202645170245507
Lasso: 0.7459512222414171
Ridge: 0.7459395411307879
LinearRegression: 0.7459305254811328
DecisionTree: 0.6883283954180947
KNN: 0.6826080781286608
SVR: -0.10255883513733174

Melhor modelo: GradientBoosting
Score: 0.855324135676128
