Tipo de problema: regressao

GradientBoosting: 0.8548047025804891
RandomForest: 0.837032850706715
ExtraTrees: 0.8186995281774561
Lasso: 0.7459512222414171
Ridge: 0.7459395411307879
LinearRegression: 0.7459305254811328
DecisionTree: 0.6929606654408208
KNN: 0.6826080781286608
SVR: -0.10255883513733174

Melhor modelo: GradientBoosting
Score: 0.8548047025804891
