Tipo de problema: regressao

GradientBoosting: 0.8551482624592592
RandomForest: 0.8354571606205221
ExtraTrees: 0.8207256713244941
Lasso: 0.7459512222414171
Ridge: 0.7459395411307879
LinearRegression: 0.7459305254811328
KNN: 0.6826080781286608
DecisionTree: 0.6719116433510477
SVR: -0.10255883513733174

Melhor modelo: GradientBoosting
Score: 0.8551482624592592
