Tipo de problema: regressao

GradientBoosting: 0.8551581332275935
RandomForest: 0.8370488196063954
ExtraTrees: 0.8215333176737651
Lasso: 0.7459512222414171
Ridge: 0.7459395411307879
LinearRegression: 0.7459305254811328
DecisionTree: 0.6836761900318946
KNN: 0.6826080781286608
SVR: -0.10255883513733174

Melhor modelo: GradientBoosting
Score: 0.8551581332275935
