Tipo de problema: regressao

GradientBoosting: 0.8554297294933306
RandomForest: 0.8358572681879091
ExtraTrees: 0.8184355176332033
Lasso: 0.7459512222414171
Ridge: 0.7459395411307879
LinearRegression: 0.7459305254811328
KNN: 0.6826080781286608
DecisionTree: 0.6825740927257058
SVR: -0.10255883513733174

Melhor modelo: GradientBoosting
Score: 0.8554297294933306
