Tipo de problema: regressao

GradientBoosting: 0.855347618695593
RandomForest: 0.8370089480494686
ExtraTrees: 0.8201766753525284
Lasso: 0.7459512222414171
Ridge: 0.7459395411307879
LinearRegression: 0.7459305254811328
DecisionTree: 0.684618898357745
KNN: 0.6826080781286608
SVR: -0.10255883513733174

Melhor modelo: GradientBoosting
Score: 0.855347618695593
