Tipo de problema: regressao

GradientBoosting: 0.8685184122836846
Ridge: 0.8489728092109221
ExtraTrees: 0.840027590086698
RandomForest: 0.8230741657552407
DecisionTree: 0.6233003343033207
KNN: 0.6194078688046348
Lasso: -0.06872894033471524
SVR: -7.98744994600722
LinearRegression: -28.687040647114646

Melhor modelo: GradientBoosting
Score: 0.8685184122836846
