Tipo de problema: regressao

GradientBoosting: 0.854921376543334
RandomForest: 0.8350038765400513
ExtraTrees: 0.8209812927249145
Lasso: 0.7459512222414171
Ridge: 0.7459395411307879
LinearRegression: 0.7459305254811328
DecisionTree: 0.6851873406631956
KNN: 0.6826080781286608
SVR: -0.10255883513733174

Melhor modelo: GradientBoosting
Score: 0.854921376543334
