Tipo de problema: regressao

RandomForest: 0.827584253813059
ExtraTrees: 0.8435923155559386
GradientBoosting: 0.8712668591013684
LinearRegression: -28.687040647114646
Ridge: 0.8489728092109221
Lasso: -0.06872894033471524
SVR: -7.98744994600722
KNN: 0.6443012623202191
DecisionTree: 0.6233281210202012

Melhor modelo: GradientBoosting
Score: 0.8712668591013684
