Tipo de problema: regressao

GradientBoosting: 0.8548133549586826
RandomForest: 0.8371514389335728
ExtraTrees: 0.8208877256612201
Lasso: 0.7459512222414171
Ridge: 0.7459395411307879
LinearRegression: 0.7459305254811328
KNN: 0.6826080781286608
DecisionTree: 0.6808331117695328
SVR: -0.10255883513733174

Melhor modelo: GradientBoosting
Score: 0.8548133549586826
