Tipo de problema: regressao

GradientBoosting: 0.8552333085350409
RandomForest: 0.8355172898520736
ExtraTrees: 0.8216782484562273
Lasso: 0.7459512222414171
Ridge: 0.7459395411307879
LinearRegression: 0.7459305254811328
DecisionTree: 0.7006795180690059
KNN: 0.6826080781286608
SVR: -0.10255883513733174

Melhor modelo: GradientBoosting
Score: 0.8552333085350409
