Tipo de problema: regressao

GradientBoosting: 0.8550008818986926
RandomForest: 0.8362615870172405
ExtraTrees: 0.8211752477279344
Lasso: 0.7459512222414171
Ridge: 0.7459395411307879
LinearRegression: 0.7459305254811328
DecisionTree: 0.6872463331246073
KNN: 0.6826080781286608
SVR: -0.10255883513733174

Melhor modelo: GradientBoosting
Score: 0.8550008818986926
