Tipo de problema: regressao

RandomForest: 0.822574769686421
ExtraTrees: 0.8478464661273255
GradientBoosting: 0.873120065398847
LinearRegression: -28.687040647114646
Ridge: 0.8489728092109221
Lasso: -0.06872894033471524
SVR: -7.98744994600722
KNN: 0.6194078688046348
DecisionTree: 0.6056800132214265

Melhor modelo: GradientBoosting
Score: 0.873120065398847
