Tipo de problema: regressao

GradientBoosting: 0.8549893578117693
RandomForest: 0.8349290655434662
ExtraTrees: 0.8199760595281891
Lasso: 0.7459512222414171
Ridge: 0.7459395411307879
LinearRegression: 0.7459305254811328
DecisionTree: 0.6893935929094327
KNN: 0.6826080781286608
SVR: -0.10255883513733174

Melhor modelo: GradientBoosting
Score: 0.8549893578117693
