Tipo de problema: regressao

GradientBoosting: 0.8547633319677596
RandomForest: 0.8354744595244721
ExtraTrees: 0.8186013926701954
Lasso: 0.7459512222414171
Ridge: 0.7459395411307879
LinearRegression: 0.7459305254811328
DecisionTree: 0.6891735193461741
KNN: 0.6826080781286608
SVR: -0.10255883513733174

Melhor modelo: GradientBoosting
Score: 0.8547633319677596
