Tipo de problema: regressao

GradientBoosting: 0.8546178829382812
RandomForest: 0.8353217331299827
ExtraTrees: 0.8207345432000078
Lasso: 0.7459512222414171
Ridge: 0.7459395411307879
LinearRegression: 0.7459305254811328
DecisionTree: 0.6885047834319005
KNN: 0.6826080781286608
SVR: -0.10255883513733174

Melhor modelo: GradientBoosting
Score: 0.8546178829382812
